 1000.0    158                                                               
  992.0    215   -4.5   -6.3     87   2.42    300     14  269.3  275.9  269.7
  978.0    328   -5.7   -9.4     75   1.93    302     15  269.2  274.6  269.5
  950.0    556   -7.8   -9.9     85   1.91    305     16  269.3  274.6  269.6
  925.0    766   -9.7  -10.3     95   1.90    300     15  269.4  274.7  269.7
  910.0    892  -10.9  -10.9    100   1.84    294     15  269.4  274.6  269.7
  874.0   1200  -13.3  -13.5     98   1.55    280     15  270.1  274.5  270.3
  850.0   1412  -14.9  -15.3     97   1.38    290     13  270.5  274.5  270.8
  845.0   1457  -14.9  -15.5     95   1.36    289     15  271.0  274.9  271.2
  823.0   1656  -16.1  -16.2     99   1.32    283     22  271.8  275.6  272.0
  814.0   1739  -15.1  -15.5     97   1.41    280     25  273.7  277.8  273.9
  790.0   1964  -15.9  -17.1     90   1.27    292     26  275.2  278.9  275.4
  786.0   2003  -15.7  -17.7     85   1.22    294     26  275.8  279.4  276.0
  782.0   2041  -16.1  -30.1     29   0.40    296     26  275.8  277.0  275.8
  775.0   2109  -15.1  -32.1     22   0.34    300     27  277.5  278.6  277.6
  768.0   2177  -14.9  -21.9     55   0.87    304     27  278.5  281.1  278.6
  767.0   2187  -14.7  -22.7     51   0.81    304     27  278.8  281.3  278.9
  764.0   2217  -14.7  -23.7     46   0.74    306     27  279.1  281.4  279.2
  763.0   2227  -14.9  -21.9     55   0.87    306     27  279.0  281.7  279.1
  760.0   2257  -14.9  -24.9     42   0.67    308     28  279.3  281.4  279.4
  759.0   2267  -14.9  -25.9     39   0.61    308     28  279.4  281.4  279.5
  756.0   2296  -14.7  -35.7     15   0.24    310     28  279.9  280.8  280.0
  739.0   2469  -13.1  -49.1      3   0.06    319     29  283.5  283.7  283.5
  733.0   2531  -13.3  -43.3      6   0.11    323     29  284.0  284.4  284.0
  731.0   2552  -13.5  -26.5     33   0.60    324     29  284.0  285.9  284.1
  729.0   2573  -13.5  -25.5     36   0.66    325     29  284.2  286.3  284.3
  726.0   2604  -13.7  -27.7     30   0.54    327     29  284.3  286.1  284.4
  717.0   2699  -12.3  -54.3      2   0.03    332     30  286.9  287.0  286.9
  714.0   2731  -12.1  -55.1      1   0.03    333     30  287.4  287.5  287.4
  711.0   2763  -12.2  -55.0      1   0.03    335     30  287.6  287.8  287.6
  700.0   2882  -12.7  -54.7      2   0.03    340     30  288.4  288.5  288.4
  602.0   4021  -17.9  -58.9      1   0.02    346     37  295.1  295.2  295.1
  553.0   4642  -22.8  -57.8      3   0.03    350     41  296.6  296.7  296.6
  500.0   5380  -28.5  -56.5      5   0.04    355     38  298.2  298.4  298.2
  486.0   5582  -30.3  -57.5      5   0.03    355     39  298.5  298.6  298.5
  481.0   5656  -30.9  -57.9      5   0.03    351     38  298.6  298.7  298.6
  432.0   6406  -36.0  -62.3      5   0.02    315     29  301.5  301.6  301.5
  411.0   6754  -38.3  -64.3      5   0.02    315     29  302.8  302.8  302.8
  400.0   6940  -39.5  -64.5      5   0.02    315     29  303.6  303.6  303.6
  383.0   7234  -41.2  -67.6      4   0.01    300     27  305.2  305.2  305.2
  366.0   7542  -42.9  -70.9      3   0.01    285     34  306.9  306.9  306.9
  356.0   7729  -42.3  -70.3      3   0.01    285     36  310.1  310.1  310.1
  342.0   7998  -42.8  -72.0      3   0.01    285     40  312.9  313.0  312.9
  321.0   8425  -43.7  -74.7      2   0.00    263     44  317.5  317.5  317.5
  318.0   8488  -43.2  -75.0      2   0.00    260     45  318.9  318.9  318.9
  313.0   8594  -42.5  -75.5      1   0.00    260     47  321.4  321.4  321.4
  300.0   8880  -42.7  -76.7      1   0.00    260     51  325.1  325.1  325.1
  284.0   9251  -42.7  -75.7      1   0.00    255     56  330.2  330.2  330.2
  253.0  10030  -45.5  -77.5      2   0.00    246     67  337.1  337.2  337.1
  250.0  10110  -45.3  -77.3      2   0.00    245     68  338.6  338.6  338.6
  227.0  10751  -43.9  -78.9      1   0.00    241     69  350.2  350.2  350.2
  218.0  11019  -44.9  -79.5      1   0.00    240     70  352.7  352.8  352.7
  204.0  11459  -46.5  -80.5      1   0.00    244     79  356.9  357.0  356.9
  200.0  11590  -46.1  -80.1      1   0.00    245     82  359.6  359.6  359.6
  175.0  12477  -46.9  -81.4      1   0.00    245     93  372.4  372.4  372.4
  156.0  13241  -47.5  -82.5      1   0.00    249     81  383.7  383.7  383.7
  150.0  13500  -49.1  -83.1      1   0.00    250     77  385.2  385.3  385.2
  134.0  14234  -51.9  -84.9      1   0.00    250     80  392.9  392.9  392.9
  125.0  14684  -50.7  -84.7      1   0.00    251     74  403.0  403.0  403.0
  105.0  15808  -54.5  -85.5      1   0.00    254     59  416.3  416.3  416.3
  100.0  16120  -53.7  -85.7      1   0.00    255     55  423.7  423.7  423.7
   97.1  16309  -54.7  -85.7      1   0.00    255     49  425.3  425.3  425.3
   94.3  16497  -53.1  -85.1      1   0.00    255     44  432.0  432.1  432.0
   93.0  16585  -53.6  -85.2      1   0.00    255     41  432.8  432.9  432.8
   88.0  16937  -55.4  -85.9      1   0.00    215     28  436.1  436.1  436.1
   84.0  17232  -56.9  -86.4      1   0.00    205     34  438.8  438.8  438.8
   79.0  17623  -59.0  -87.1      2   0.00    240     40  442.3  442.3  442.3
   78.7  17647  -59.1  -87.1      2   0.00    243     40  442.5  442.6  442.5
   77.1  17776  -58.7  -87.7      1   0.00    259     39  446.0  446.0  446.0
   76.0  17866  -59.0  -87.7      1   0.00    270     39  447.2  447.2  447.2
   70.0  18380  -60.7  -87.7      2   0.00    260     31  454.2  454.2  454.2
   67.0  18653  -61.5  -88.5      2   0.00    250     35  458.1  458.2  458.1
   65.6  18784  -61.9  -88.9      2   0.00    262     34  460.1  460.1  460.1
   64.0  18938  -61.4  -88.8      2   0.00    275     33  464.3  464.4  464.3
   61.5  19186  -60.7  -88.7      1   0.00    266     31  471.3  471.3  471.3
   60.0  19341  -59.0  -88.2      1   0.00    260     30  478.5  478.5  478.5
   57.9  19566  -56.5  -87.5      1   0.00    267     18  489.0  489.0  489.0
   57.0  19665  -57.0  -87.6      1   0.00    270     12  490.1  490.1  490.1
   56.0  19776  -57.5  -87.7      1   0.00    250      6  491.4  491.4  491.4
   53.0  20123  -59.1  -88.0      1   0.00    255     17  495.4  495.5  495.4
   52.0  20244  -59.7  -88.2      1   0.00    220     18  496.8  496.9  496.8
   50.9  20378  -60.3  -88.3      1   0.00    223     20  498.4  498.4  498.4
   50.0  20490  -60.3  -88.3      1   0.00    225     21  500.9  501.0  500.9
   48.0  20743  -60.6  -88.7      1   0.00    250     26  506.0  506.0  506.0
   45.0  21144  -61.2  -89.2      1   0.00    310     23  514.1  514.1  514.1
   44.0  21283  -61.4  -89.4      1   0.00    310     20  516.9  516.9  516.9
   43.5  21354  -61.5  -89.5      1   0.00    304     19  518.4  518.4  518.4
   42.1  21558  -58.5  -88.5      1   0.00    286     17  530.6  530.7  530.6
   42.0  21573  -58.5  -88.5      1   0.00    285     17  531.1  531.1  531.1
   40.9  21739  -57.9  -87.9      1   0.00    315     14  536.5  536.6  536.5
   40.3  21832  -57.9  -87.9      1   0.00    332     12  538.8  538.8  538.8
   40.0  21879  -58.0  -87.9      1   0.00    340     11  539.8  539.8  539.8
   37.0  22368  -58.7  -88.1      1   0.00      0      3  550.1  550.1  550.1
   34.6  22789  -59.3  -88.3      1   0.00     34      5  559.1  559.2  559.1
   33.6  22972  -58.7  -88.7      1   0.00     48      5  565.4  565.5  565.4
   32.3  23219  -60.1  -89.1      1   0.00     68      6  568.1  568.1  568.1
   30.0  23680  -59.1  -89.1      1   0.00    105      8  582.9  583.0  582.9
   29.2  23850  -58.7  -88.7      1   0.01     85     10  588.6  588.6  588.6
   29.0  23893  -58.8  -88.7      1   0.01     80     10  589.6  589.6  589.6
   28.0  24113  -59.0  -88.8      1   0.01     60     10  594.8  594.9  594.8
   26.0  24577  -59.5  -88.9      1   0.01     40     10  606.1  606.1  606.1
   24.0  25078  -60.1  -89.1      1   0.01     80     12  618.5  618.6  618.5
   23.9  25105  -60.1  -89.1      1   0.01     78     12  619.1  619.2  619.1
   23.0  25345  -58.8  -88.6      1   0.01     60     10  629.8  629.9  629.8
   22.8  25400  -58.5  -88.5      1   0.01     61     11  632.3  632.3  632.3
   21.4  25797  -60.3  -89.3      1   0.01     72     16  638.4  638.5  638.4
   21.0  25915  -60.1  -89.4      1   0.01     75     17  642.6  642.6  642.6
   20.1  26189  -59.5  -89.5      1   0.01     88      7  652.4  652.5  652.4
   20.0  26220  -59.5  -89.5      1   0.01     90      6  653.3  653.4  653.3
   19.0  26539  -60.2  -89.4      1   0.01     55     14  660.8  660.9  660.8
   18.0  26876  -60.9  -89.3      1   0.01     50     13  668.8  668.9  668.8
   17.5  27052  -61.3  -89.3      1   0.01     57     15  673.0  673.1  673.0
   17.0  27231  -61.3  -89.3      1   0.01     65     17  678.5  678.5  678.5
   16.0  27607  -61.4  -89.4      1   0.01     35     19  690.0  690.1  690.0
   15.2  27925  -61.5  -89.5      1   0.01     41     23  700.0  700.1  700.0
   15.1  27966  -61.5  -89.5      1   0.01     42     23  701.3  701.4  701.3
   14.5  28217  -61.5  -89.5      1   0.01     46     26  709.5  709.6  709.5
   14.0  28436  -60.4  -89.3      1   0.01     50     29  720.2  720.3  720.2
   13.3  28755  -58.9  -88.9      1   0.01     60     31  736.1  736.3  736.1
   13.0  28898  -59.2  -89.2      1   0.01     65     32  739.9  740.0  739.9
   12.9  28947  -59.3  -89.3      1   0.01                741.2  741.3  741.2